Wavefront_pumped_notrans21 Wavefront_pumped_notrans22 Wavefront_pumped_notrans23 Wavefront_pumped_notrans24 Wavefront_pumped_notrans25 Wavefront_pumped_notrans26 Wavefront_pumped_notrans27 Wavefront_pumped_notrans28 Wavefront_pumped_notrans29 Wavefront_pumped_notrans210 Wavefront_pumped_notrans211 Wavefront_pumped_notrans212 Wavefront_pumped_notrans213 Wavefront_pumped_notrans214 Wavefront_pumped_notrans215 Wavefront_pumped_notrans216 Wavefront_pumped_notrans217 Wavefront_pumped_notrans218 Wavefront_pumped_notrans219 Wavefront_pumped_notrans220 Wavefront_pumped_notrans221 Wavefront_pumped_notrans222 Wavefront_pumped_notrans223 Wavefront_pumped_notrans224 Wavefront_pumped_notrans225 Wavefront_pumped_notrans226 Wavefront_pumped_notrans227 Wavefront_pumped_notrans228 Wavefront_pumped_notrans229 Wavefront_pumped_notrans230 Wavefront_pumped_notrans231 Wavefront_pumped_notrans232 Wavefront_pumped_notrans233 Wavefront_pumped_notrans234 Wavefront_pumped_notrans235 Wavefront_pumped_notrans236 Wavefront_pumped_notrans237 Wavefront_pumped_notrans238 Wavefront_pumped_notrans239 Wavefront_pumped_notrans240
0.6 0.6 0.6 0.6 0.6 0.6 0.6 0.6 0.6 0.6 0.6 0.6 0.6 0.6 0.6 0.6 0.6 0.6 0.6 0.6 0.6 0.6 0.6 0.6 0.6 0.6 0.6 0.6 0.6 0.6 0.6 0.6 0.6 0.6 0.6 0.6 0.6 0.6 0.6 0.6
0.6 0.6 0.6 0.6 0.6 0.6 0.6 0.6 0.6 0.6 0.6 0.6 0.6 0.6 0.6 0.6 0.6 0.6 0.6 0.6 0.6 0.6 0.6 0.6 0.6 0.6 0.6 0.6 0.6 0.6 0.6 0.6 0.6 0.6 0.6 0.6 0.6 0.6 0.6 0.6
0.6 0.6 0.6 0.6 0.6 0.6 0.6 0.6 0.6 0.6 0.6 0.6 0.6 0.6 0.6 0.6 0.6 0.6 0.6 0.6 0.6 0.6 0.6 0.6 0.6 0.6 0.6 0.6 0.6 0.6 0.6 0.6 0.6 0.6 0.6 0.6 0.6 0.6 0.6 0.6
0.6 0.6 0.6 0.6 0.6 0.6 0.6 0.6 0.6 0.6 0.6 0.6 0.6 0.6 0.6 0.6 0.6 0.6 0.6 0.6 0.6 0.6 0.6 0.6 0.6 0.6 0.6 0.6 0.6 0.6 0.6 0.6 0.6 0.6 0.6 0.6 0.6 0.6 0.6 0.6
0.6 0.6 0.6 0.6 0.6 0.6 0.6 0.6 0.6 0.6 0.6 0.6 0.6 0.6 0.6 0.6 0.6 0.6 0.6 0.6 0.6 0.6 0.6 0.6 0.6 0.6 0.6 0.6 0.6 0.6 0.6 0.6 0.6 0.6 0.6 0.6 0.6 0.6 0.6 0.6
0.6 0.6 0.6 0.6 0.6 0.6 0.6 0.6 0.6 0.6 0.6 0.6 0.6 0.6 0.6 0.6 0.6 0.6 0.6 0.6 0.6 0.6 -0.571697780862415 0.6 0.6 0.6 0.6 0.6 0.6 0.6 0.6 0.6 0.6 0.6 0.6 0.6 0.6 0.6 0.6 0.6
0.6 0.6 0.6 0.6 0.6 0.6 0.6 0.6 0.6 0.6 0.6 0.6 0.6 0.6 0.6 0.6 0.6 -0.530098317190966 -0.518612734973399 -0.509290081448818 -0.507465442642535 -0.508194808848167 -0.517984371632305 -0.526002475991811 -0.537867622449961 -0.561268657445875 -0.58674353174862 -0.605241579934915 0.6 0.6 0.6 0.6 0.6 0.6 0.6 0.6 0.6 0.6 0.6 0.6
0.6 0.6 0.6 0.6 0.6 0.6 0.6 0.6 0.6 0.6 0.6 0.6 0.6 0.6 0.6 0.6 -0.497610756196047 -0.482745753601155 -0.470978819765115 -0.463022677227825 -0.45315344072875 -0.44976845104244 -0.456314384937255 -0.46344216726717 -0.48064883239564 -0.504688654094899 -0.529703436419334 -0.555515024810995 -0.58857600577172 0.6 0.6 0.6 0.6 0.6 0.6 0.6 0.6 0.6 0.6 0.6
0.6 0.6 0.6 0.6 0.6 0.6 0.6 0.6 0.6 0.6 0.6 0.6 0.6 0.6 -0.496570255607335 -0.478680785745345 -0.45820984803137 -0.44053038209673 -0.42173614352938 -0.407811298966385 -0.391101425513615 -0.389580903574795 -0.39786711893971 -0.407083608210055 -0.422109663486465 -0.445570135489075 -0.47339673154053 -0.505884110927549 -0.539080085232817 -0.577067926526035 -0.61936887726185 0.6 0.6 0.6 0.6 0.6 0.6 0.6 0.6 0.6
0.6 0.6 0.6 0.6 0.6 0.6 0.6 0.6 0.6 0.6 0.6 0.6 0.6 -0.48734895698723 -0.46424035262313 -0.44334626477208 -0.42211850173768 -0.401739561930295 -0.37546963524068 -0.35108478181061 -0.330423527397175 -0.330243059433955 -0.342571048066015 -0.34905337542288 -0.3617816250771 -0.383629964664555 -0.416231552138875 -0.454622598364915 -0.489365357905594 -0.53181674145159 -0.575050894170965 -0.624029239639595 0.6 0.6 0.6 0.6 0.6 0.6 0.6 0.6
0.6 0.6 0.6 0.6 0.6 0.6 0.6 0.6 0.6 0.6 0.6 0.6 -0.48718537390229 -0.457040621899035 -0.42785518709567 -0.409187821671315 -0.386127797886695 -0.36008973047137 -0.3307662801817 -0.304040747694665 -0.27946670539676 -0.27624436281618 -0.28814204595978 -0.291523149237 -0.302479756996005 -0.326737236231535 -0.36703746765849 -0.40519401989873 -0.444711087271535 -0.48700740188357 -0.527367813512647 -0.5781284216791 -0.63350327312945 0.6 0.6 0.6 0.6 0.6 0.6 0.6
0.6 0.6 0.6 0.6 0.6 0.6 0.6 0.6 0.6 0.6 0.6 0.6 -0.460942061617935 -0.425890346989 -0.395555566996335 -0.377906055189645 -0.35488060582428 -0.32064213324336 -0.288552486337695 -0.26135839149353 -0.243278959766025 -0.238145257346265 -0.239844957366555 -0.238800920546005 -0.254770645871715 -0.28281559236346 -0.31651468202466 -0.35562816821035 -0.40434003993864 -0.448508989065855 -0.48926167748865 -0.535992797464097 -0.592630878090825 0.6 0.6 0.6 0.6 0.6 0.6 0.6
0.6 0.6 0.6 0.6 0.6 0.6 0.6 0.6 0.6 0.6 0.6 -0.465159539133275 -0.438417278230155 -0.40273560117925 -0.37133322283621 -0.352960007265175 -0.327837243676125 -0.287010713480405 -0.253045289777205 -0.226553917862445 -0.21472681965671 -0.204622797667965 -0.19094171095637 -0.18947670981287 -0.20812232233579 -0.237006995826915 -0.26938356086606 -0.31551395542918 -0.3677200246602 -0.41665605269369 -0.45914276130494 -0.497310677543247 -0.54951995424923 -0.60550599731501 0.6 0.6 0.6 0.6 0.6 0.6
0.6 0.6 0.6 0.6 0.6 0.6 0.6 0.6 0.6 0.6 -0.479028305970095 -0.445749174803465 -0.41337020834905 -0.378435969352685 -0.348323154728815 -0.322254733182465 -0.294584858231215 -0.25739933922881 -0.219477347563885 -0.19023491628466 -0.17455997690553 -0.15983968786889 -0.13719649240373 -0.128197840414885 -0.140415933914435 -0.175789307802845 -0.23304957337678 -0.2884977590292 -0.334222992882105 -0.382286148145795 -0.427859222516385 -0.46599394641813 -0.51575450226661 -0.56802062131461 -0.61354513280089 0.6 0.6 0.6 0.6 0.6
0.6 0.6 0.6 0.6 0.6 0.6 0.6 0.6 0.6 0.6 -0.4724597856402 -0.428142722696025 -0.386799521744185 -0.352039944380465 -0.31992127373813 -0.290067645721125 -0.261364521458725 -0.22695305990051 -0.19038896029812 -0.159514182247195 -0.12944098934528 -0.106189647689435 -0.09044755250212 -0.07969527691597 -0.08947133924807 -0.1290404722094 -0.186709033325245 -0.24132286570961 -0.28849545866246 -0.34715497866269 -0.393740182742445 -0.435501573607295 -0.48431213945147 -0.534495994448625 -0.58169166371223 0.6 0.6 0.6 0.6 0.6
0.6 0.6 0.6 0.6 0.6 0.6 0.6 0.6 0.6 0.6 -0.462765341624585 -0.41248215734955 -0.373072755522995 -0.33717943727968 -0.301548499148325 -0.265682690776855 -0.230120947584475 -0.202211780473565 -0.164944500662355 -0.126806922256895 -0.08622086793178 -0.069168932735885 -0.057199753820875 -0.04282267112283 -0.05802323762321 -0.095424886792855 -0.14201535843308 -0.194417301565355 -0.244899466633785 -0.30828695371746 -0.35457376763225 -0.399353610351605 -0.45328747853633 -0.505617352202498 -0.554862542077865 0.6 0.6 0.6 0.6 0.6
0.6 0.6 0.6 0.6 0.6 0.6 0.6 0.6 0.6 0.6 -0.452310437336529 -0.407165985554445 -0.365165181457995 -0.322752827778425 -0.291054299101195 -0.25697624590247 -0.21794247440989 -0.18182472884652 -0.13919963967052 -0.097208734601725 -0.05343941319728 -0.03678728640075 -0.03167682234192 -0.017703216522855 -0.0322614815086 -0.06412973254913 -0.11172116361555 -0.16756425425409 -0.2174154752865 -0.269148468971205 -0.31422972772268 -0.36168934218583 -0.425449842587085 -0.481931908056105 -0.52641472406682 0.6 0.6 0.6 0.6 0.6
0.6 0.6 0.6 0.6 0.6 0.6 0.6 0.6 0.6 0.6 -0.444439684972131 -0.40273592807348 -0.35871464107179 -0.311996020376656 -0.280911917798225 -0.247092391364205 -0.208920264616599 -0.172266107052502 -0.12875277921552 -0.086513841524695 -0.04230462852861 -0.020987674593905 -0.011174833402035 0.00253087840976495 -0.00971344485871499 -0.042439721524665 -0.08381540607659 -0.13823928404597 -0.194729003123895 -0.243730069138045 -0.282735577784435 -0.332131014205475 -0.397070383652995 -0.45655102655288 -0.503065349534124 0.6 0.6 0.6 0.6 0.6
0.6 0.6 0.6 0.6 0.6 0.6 0.6 0.6 0.6 -0.463310708291796 -0.431530641391837 -0.396025793626848 -0.354964703321422 -0.306694384664271 -0.273677966557412 -0.239804872311617 -0.201955053023951 -0.16963182017207 -0.129420453682525 -0.089028728660145 -0.04530264344061 -0.01364072924477 0 0.00408070813867998 -0.005872724577715 -0.032069082371835 -0.068196602165615 -0.11648903228337 -0.165513934567535 -0.21966220252215 -0.26296267099674 -0.305474097840425 -0.369927639141675 -0.431045064702595 -0.484222294762695 -0.533639987930623 0.6 0.6 0.6 0.6
0.6 0.6 0.6 0.6 0.6 0.6 0.6 0.6 0.6 0.6 -0.424181023612576 -0.393325673416217 -0.354448797181225 -0.3079648101702 -0.273165293969147 -0.243108130060105 -0.205579272471299 -0.172972589731195 -0.137278693728126 -0.098489540629025 -0.05503447400402 -0.01617237739262 -0.00335558224466001 0.00206406228245504 -0.00803095381701999 -0.035083401016895 -0.064463088288875 -0.101960638537965 -0.14983390830455 -0.20412006787951 -0.24289507977662 -0.28416292555627 -0.348487196490145 -0.407707730308105 -0.46058465354141 0.6 0.6 0.6 0.6 0.6
0.6 0.6 0.6 0.6 0.6 0.6 0.6 0.6 0.6 0.6 -0.42003249377007 -0.3954956196248 -0.36341895814984 -0.315120452083595 -0.27643763553345 -0.255777559243125 -0.21859506424509 -0.183071489445829 -0.142273500561685 -0.10950464010234 -0.07373156351965 -0.030414603650525 -0.004901656880905 0.00198204256597001 -0.01070531737054 -0.04470499977462 -0.06973974220453 -0.098648743703935 -0.143974496051645 -0.187119645066525 -0.22434227168558 -0.26934615708885 -0.33044864423568 -0.38678788207469 -0.43109221756455 0.6 0.6 0.6 0.6 0.6
0.6 0.6 0.6 0.6 0.6 0.6 0.6 0.6 0.6 0.6 -0.420960104092932 -0.39768098108466 -0.369261622428895 -0.323023548349715 -0.28840029425915 -0.260944166220663 -0.225753489881733 -0.187475412152636 -0.151055455207775 -0.128821467980695 -0.094299755990475 -0.051088490989005 -0.03080006688832 -0.021485731936995 -0.030483533628255 -0.05067444406444 -0.06812701374291 -0.099375250749235 -0.137799643911385 -0.171144481748325 -0.20988008473065 -0.25580104440447 -0.313753580674485 -0.365457030013175 -0.40199103206395 0.6 0.6 0.6 0.6 0.6
0.6 0.6 0.6 0.6 0.6 0.6 0.6 0.6 0.6 0.6 -0.423531958833289 -0.402862893417451 -0.36878144182261 -0.326788120903043 -0.299532311037135 -0.26779600419101 -0.233467467129167 -0.195329078473143 -0.16994149144736 -0.152752704918385 -0.11881912313398 -0.076668322086305 -0.05638906173406 -0.051289496012005 -0.0566527545452 -0.063110127113705 -0.071707278490075 -0.09799541719255 -0.131333699449895 -0.163520006462935 -0.204624633304765 -0.24530528299507 -0.294269079342465 -0.344515897333565 -0.381613517180065 0.6 0.6 0.6 0.6 0.6
0.6 0.6 0.6 0.6 0.6 0.6 0.6 0.6 0.6 0.6 -0.430993641726637 -0.406462891027299 -0.375362914986855 -0.338333027437265 -0.30843552760775 -0.287847633473559 -0.253033190034291 -0.218967238441057 -0.190259135328184 -0.164112726226399 -0.1369723156094 -0.10634266119448 -0.08856123313303 -0.081926506943955 -0.08232945483174 -0.08349209465084 -0.092414444312425 -0.10850605182344 -0.13812036067247 -0.16775933187454 -0.20266590453677 -0.24025227315718 -0.283802499994615 -0.32931123115123 -0.36961636878545 0.6 0.6 0.6 0.6 0.6
0.6 0.6 0.6 0.6 0.6 0.6 0.6 0.6 0.6 0.6 0.6 -0.419617111794599 -0.391007874160964 -0.353235804475805 -0.327154282480417 -0.306939045898606 -0.283634727820725 -0.25047709140922 -0.218434131704232 -0.188474827446028 -0.16183004807678 -0.140870846342235 -0.12683658581227 -0.11619826126842 -0.112216595560275 -0.11520772706714 -0.12562513165172 -0.136148478835785 -0.16173738334326 -0.18615481164301 -0.218057539313975 -0.25373526103791 -0.291461139917385 -0.327877042815055 0.6 0.6 0.6 0.6 0.6 0.6
0.6 0.6 0.6 0.6 0.6 0.6 0.6 0.6 0.6 0.6 0.6 0.6 -0.407946651801447 -0.380510669201578 -0.353096417151393 -0.331495329737603 -0.313071129843565 -0.288013201206885 -0.261611271649575 -0.23909692652517 -0.2121620671823 -0.190322579815945 -0.177192168310285 -0.168934741057425 -0.1598324310034 -0.15664444584398 -0.160193025134445 -0.17241315357383 -0.192811108194255 -0.220204277895355 -0.2486730050295 -0.28176553919907 -0.31580798327922 0.6 0.6 0.6 0.6 0.6 0.6 0.6
0.6 0.6 0.6 0.6 0.6 0.6 0.6 0.6 0.6 0.6 0.6 0.6 -0.429637758992578 -0.407557114027389 -0.387913573533265 -0.366492632776467 -0.35279098898167 -0.336032086051955 -0.313099716790025 -0.29566953936589 -0.27352279098698 -0.25132240215314 -0.24048298411069 -0.236126279458375 -0.224304737523155 -0.21457603853191 -0.218961599282885 -0.229117409326105 -0.24364730902014 -0.273873666301335 -0.298638537526115 -0.32483506202694 -0.35409053601322 0.6 0.6 0.6 0.6 0.6 0.6 0.6
0.6 0.6 0.6 0.6 0.6 0.6 0.6 0.6 0.6 0.6 0.6 0.6 0.6 -0.437295689247515 -0.423099851235716 -0.409230179153368 -0.394217399880255 -0.37756846193219 -0.357263809069945 -0.3351619886234 -0.3212789166718 -0.30655656196174 -0.297035791445515 -0.29503628145903 -0.29102002549913 -0.290258557535715 -0.29759187903248 -0.311413286253755 -0.326205463148605 -0.348535102792025 -0.37306079827244 -0.39561416022477 0.6 0.6 0.6 0.6 0.6 0.6 0.6 0.6
0.6 0.6 0.6 0.6 0.6 0.6 0.6 0.6 0.6 0.6 0.6 0.6 0.6 0.6 -0.455591288395192 -0.443069485016134 -0.428930850699533 -0.409786256030175 -0.389090540818827 -0.371207326650552 -0.36390001513064 -0.358647843357125 -0.3533554067835 -0.3501083059236 -0.35235325247046 -0.365210916846915 -0.379045488312825 -0.396383354440295 -0.41606848686931 -0.438823463395205 -0.466521179303495 0.6 0.6 0.6 0.6 0.6 0.6 0.6 0.6 0.6
0.6 0.6 0.6 0.6 0.6 0.6 0.6 0.6 0.6 0.6 0.6 0.6 0.6 0.6 0.6 0.6 -0.461439605802265 -0.444159496575563 -0.427699369378334 -0.419871042482536 -0.420298939570775 -0.420497201848755 -0.423680679872605 -0.42330276034771 -0.42998502682893 -0.451869885437155 -0.481014987453783 -0.506800718605485 -0.532664695754611 0.6 0.6 0.6 0.6 0.6 0.6 0.6 0.6 0.6 0.6 0.6
0.6 0.6 0.6 0.6 0.6 0.6 0.6 0.6 0.6 0.6 0.6 0.6 0.6 0.6 0.6 0.6 0.6 -0.487112089060213 -0.473575129173663 -0.469779105856979 -0.478009481914308 -0.49224513070654 -0.502901580184665 -0.511034013703435 -0.530397363007035 -0.566601126454735 -0.608246961608505 -0.642796047031835 0.6 0.6 0.6 0.6 0.6 0.6 0.6 0.6 0.6 0.6 0.6 0.6
0.6 0.6 0.6 0.6 0.6 0.6 0.6 0.6 0.6 0.6 0.6 0.6 0.6 0.6 0.6 0.6 0.6 0.6 0.6 0.6 0.6 0.6 NaN 0.6 0.6 0.6 0.6 0.6 0.6 0.6 0.6 0.6 0.6 0.6 0.6 0.6 0.6 0.6 0.6 0.6
