Wavefront_pumped_trans21 Wavefront_pumped_trans22 Wavefront_pumped_trans23 Wavefront_pumped_trans24 Wavefront_pumped_trans25 Wavefront_pumped_trans26 Wavefront_pumped_trans27 Wavefront_pumped_trans28 Wavefront_pumped_trans29 Wavefront_pumped_trans210 Wavefront_pumped_trans211 Wavefront_pumped_trans212 Wavefront_pumped_trans213 Wavefront_pumped_trans214 Wavefront_pumped_trans215 Wavefront_pumped_trans216 Wavefront_pumped_trans217 Wavefront_pumped_trans218 Wavefront_pumped_trans219 Wavefront_pumped_trans220 Wavefront_pumped_trans221 Wavefront_pumped_trans222 Wavefront_pumped_trans223 Wavefront_pumped_trans224 Wavefront_pumped_trans225 Wavefront_pumped_trans226 Wavefront_pumped_trans227 Wavefront_pumped_trans228 Wavefront_pumped_trans229 Wavefront_pumped_trans230 Wavefront_pumped_trans231 Wavefront_pumped_trans232 Wavefront_pumped_trans233 Wavefront_pumped_trans234 Wavefront_pumped_trans235 Wavefront_pumped_trans236 Wavefront_pumped_trans237 Wavefront_pumped_trans238 Wavefront_pumped_trans239 Wavefront_pumped_trans240
0.6 0.6 0.6 0.6 0.6 0.6 0.6 0.6 0.6 0.6 0.6 0.6 0.6 0.6 0.6 0.6 0.6 0.6 0.6 0.6 0.6 0.6 0.6 0.6 0.6 0.6 0.6 0.6 0.6 0.6 0.6 0.6 0.6 0.6 0.6 0.6 0.6 0.6 0.6 0.6
0.6 0.6 0.6 0.6 0.6 0.6 0.6 0.6 0.6 0.6 0.6 0.6 0.6 0.6 0.6 0.6 0.6 0.6 0.6 0.6 0.6 0.6 0.6 0.6 0.6 0.6 0.6 0.6 0.6 0.6 0.6 0.6 0.6 0.6 0.6 0.6 0.6 0.6 0.6 0.6
0.6 0.6 0.6 0.6 0.6 0.6 0.6 0.6 0.6 0.6 0.6 0.6 0.6 0.6 0.6 0.6 0.6 0.6 0.6 0.6 0.6 0.6 0.6 0.6 0.6 0.6 0.6 0.6 0.6 0.6 0.6 0.6 0.6 0.6 0.6 0.6 0.6 0.6 0.6 0.6
0.6 0.6 0.6 0.6 0.6 0.6 0.6 0.6 0.6 0.6 0.6 0.6 0.6 0.6 0.6 0.6 0.6 0.6 0.6 0.6 0.6 0.6 0.6 0.6 0.6 0.6 0.6 0.6 0.6 0.6 0.6 0.6 0.6 0.6 0.6 0.6 0.6 0.6 0.6 0.6
0.6 0.6 0.6 0.6 0.6 0.6 0.6 0.6 0.6 0.6 0.6 0.6 0.6 0.6 0.6 0.6 0.6 0.6 0.6 0.6 0.6 0.6 0.6 0.6 0.6 0.6 0.6 0.6 0.6 0.6 0.6 0.6 0.6 0.6 0.6 0.6 0.6 0.6 0.6 0.6
0.6 0.6 0.6 0.6 0.6 0.6 0.6 0.6 0.6 0.6 0.6 0.6 0.6 0.6 0.6 0.6 0.6 0.6 0.6 0.6 0.6 0.6 -0.752947280183425 0.6 0.6 0.6 0.6 0.6 0.6 0.6 0.6 0.6 0.6 0.6 0.6 0.6 0.6 0.6 0.6 0.6
0.6 0.6 0.6 0.6 0.6 0.6 0.6 0.6 0.6 0.6 0.6 0.6 0.6 0.6 0.6 0.6 0.6 -0.70739203505216 -0.6946941539645 -0.683208492584505 -0.677712028846125 -0.67698951531199 -0.68673336133359 -0.69613556005059 -0.710383223369695 -0.73636955022808 -0.763516856357455 -0.78475449793038 0.6 0.6 0.6 0.6 0.6 0.6 0.6 0.6 0.6 0.6 0.6 0.6
0.6 0.6 0.6 0.6 0.6 0.6 0.6 0.6 0.6 0.6 0.6 0.6 0.6 0.6 0.6 0.6 -0.670744501985585 -0.64967189915476 -0.635197618044889 -0.6242589112371 -0.612700829282381 -0.607958090491572 -0.61252322793005 -0.617977788671832 -0.639197761192897 -0.66778079047797 -0.694869024679045 -0.725169200450175 -0.76430721767245 0.6 0.6 0.6 0.6 0.6 0.6 0.6 0.6 0.6 0.6 0.6
0.6 0.6 0.6 0.6 0.6 0.6 0.6 0.6 0.6 0.6 0.6 0.6 0.6 0.6 -0.67278003320096 -0.648405771702505 -0.620761042460779 -0.596406571567037 -0.573717333376385 -0.557048112153985 -0.537983333691935 -0.533607913181165 -0.5384295042604 -0.54678563028572 -0.565684206783755 -0.59310777671633 -0.625355591997483 -0.66260865330694 -0.701144324615575 -0.745778203010565 -0.795265790075045 0.6 0.6 0.6 0.6 0.6 0.6 0.6 0.6 0.6
0.6 0.6 0.6 0.6 0.6 0.6 0.6 0.6 0.6 0.6 0.6 0.6 0.6 -0.66492195241151 -0.633113334886708 -0.604835334233914 -0.57517379708586 -0.546881506219485 -0.514305646531275 -0.48641264252366 -0.463098638690975 -0.459217012859855 -0.465812904760215 -0.47190628945828 -0.4859852623194 -0.514228919520955 -0.551455805078125 -0.59568813629446 -0.639492947608215 -0.689329301938395 -0.741116929799325 -0.79836495779449 0.6 0.6 0.6 0.6 0.6 0.6 0.6 0.6
0.6 0.6 0.6 0.6 0.6 0.6 0.6 0.6 0.6 0.6 0.6 0.6 -0.665025889873485 -0.627267970703521 -0.591090464033165 -0.56362528912721 -0.53064857237039 -0.49699715897437 -0.45823842752725 -0.425893264822615 -0.39813602156936 -0.38832435570653 -0.39281666837633 -0.3931090068072 -0.406744433566905 -0.438947860151535 -0.48684006184334 -0.533214097842555 -0.581288112327435 -0.63209221512077 -0.682685179635865 -0.74472158588467 -0.80876803398132 0.6 0.6 0.6 0.6 0.6 0.6 0.6
0.6 0.6 0.6 0.6 0.6 0.6 0.6 0.6 0.6 0.6 0.6 0.6 -0.633000807836633 -0.591507067903855 -0.55185070261357 -0.524152853526145 -0.49411216843868 -0.45324090588836 -0.409540385939195 -0.37187604233618 -0.347130948677625 -0.330878655426165 -0.323614383116355 -0.317389957606805 -0.337584527209365 -0.37710411287841 -0.42070006206631 -0.4686159174889 -0.528799857944225 -0.587475266307575 -0.63875984214244 -0.69637059792874 -0.761912137269925 0.6 0.6 0.6 0.6 0.6 0.6 0.6
0.6 0.6 0.6 0.6 0.6 0.6 0.6 0.6 0.6 0.6 0.6 -0.63724474981425 -0.604661017656303 -0.56217628251759 -0.521006297320105 -0.492891469970325 -0.462549224495875 -0.412331051193155 -0.363379701040705 -0.325136140920195 -0.30788817908611 -0.281098149716815 -0.25438207853587 -0.24993098899717 -0.27315359748894 -0.317306641489215 -0.35775537416336 -0.41334158368408 -0.4855878520757 -0.55157664977012 -0.60468313284216 -0.65165486373005 -0.71159638278184 -0.772919470444295 0.6 0.6 0.6 0.6 0.6 0.6
0.6 0.6 0.6 0.6 0.6 0.6 0.6 0.6 0.6 0.6 -0.654973394237435 -0.612343046814185 -0.573827491607495 -0.53313962370155 -0.492108474951215 -0.455238902010015 -0.420030529610765 -0.37239635363221 -0.322527445387085 -0.27668589539826 -0.25344243273138 -0.22643691115079 -0.18948690220708 -0.176208621822285 -0.193253842182435 -0.244102787226445 -0.31282226927578 -0.38035860471425 -0.445495819672955 -0.509158397093395 -0.565611554309705 -0.611715739592887 -0.67099873349068 -0.73099781014025 -0.785353718325445 0.6 0.6 0.6 0.6 0.6
0.6 0.6 0.6 0.6 0.6 0.6 0.6 0.6 0.6 0.6 -0.643480010330655 -0.589813750237201 -0.54099366068838 -0.499756101518825 -0.45585000142453 -0.409864286892075 -0.369527393951975 -0.33028227137401 -0.28526019817217 -0.232886590994845 -0.19027474150058 -0.156418809667235 -0.12875997275112 -0.11627218872307 -0.13061626162382 -0.18001190572975 -0.246229724958545 -0.32228318415581 -0.39215850830076 -0.46560014411804 -0.52231068722902 -0.5727357175201 -0.634197734296295 -0.69513165950773 -0.75088722631332 0.6 0.6 0.6 0.6 0.6
0.6 0.6 0.6 0.6 0.6 0.6 0.6 0.6 0.6 0.6 -0.630272081121781 -0.5702371895313 -0.520417747087745 -0.47620634734628 -0.425944860558925 -0.372292906977205 -0.323903700336775 -0.291459811851365 -0.247019843198355 -0.187641806900495 -0.13059961050743 -0.101712651550735 -0.078440196812125 -0.0625618668272801 -0.08017211500556 -0.126995112746955 -0.18361677788198 -0.261483568698105 -0.337588205933535 -0.41823527589436 -0.47495306655765 -0.52829391695557 -0.59634768590329 -0.663852812722305 -0.72294300608335 0.6 0.6 0.6 0.6 0.6
0.6 0.6 0.6 0.6 0.6 0.6 0.6 0.6 0.6 0.6 -0.618127131834604 -0.564688216894845 -0.509823463857155 -0.458204576745625 -0.409684373065795 -0.35184407886117 -0.30203489772974 -0.26545864343642 -0.21312425564972 -0.147093664854775 -0.0861589359119301 -0.0536973029375001 -0.0337030673399701 -0.0193571560084551 -0.03913997672495 -0.0805520936846301 -0.1439561899751 -0.22540340945124 -0.3018748993054 -0.369067728519455 -0.42610008362678 -0.48878516815603 -0.566296206787205 -0.636893523856975 -0.694300876930335 0.6 0.6 0.6 0.6 0.6
0.6 0.6 0.6 0.6 0.6 0.6 0.6 0.6 0.6 0.6 -0.610061122104504 -0.559055322781185 -0.50482692662624 -0.446676433086356 -0.395782898180175 -0.338605846278355 -0.28965168632565 -0.250641237944302 -0.19580150768162 -0.133488783612845 -0.07613199297336 -0.0318327099084551 -0.00134699605403507 0.00834185443821491 -0.013283986598215 -0.056873269379115 -0.11536621581759 -0.19611034262922 -0.278050827793745 -0.342369527555945 -0.395355223678035 -0.459833511151375 -0.53725471906362 -0.609106238931395 -0.669768186286075 0.6 0.6 0.6 0.6 0.6
0.6 0.6 0.6 0.6 0.6 0.6 0.6 0.6 0.6 -0.635480646975317 -0.59969918616114 -0.556168051436523 -0.502647131681403 -0.437296006828521 -0.382166019640862 -0.329069578088768 -0.283012139610951 -0.245537783950521 -0.193783679977025 -0.135548708494695 -0.08392429258671 -0.03363956278187 0 0.000537688843929914 -0.016957996413115 -0.051587696187135 -0.102779947221265 -0.17891901172697 -0.252549814060285 -0.31988419406115 -0.37779642827809 -0.434153075329925 -0.510140927508475 -0.583527455106355 -0.648235993459795 -0.70834634266792 0.6 0.6 0.6 0.6
0.6 0.6 0.6 0.6 0.6 0.6 0.6 0.6 0.6 0.6 -0.594778196886162 -0.556401418521977 -0.499623099341975 -0.4335585320368 -0.377145105041547 -0.328882156871255 -0.284236482344549 -0.248396858572945 -0.204130607657076 -0.149346190504675 -0.0959275816567201 -0.03982490114867 -0.0105457054451101 -0.010227726772395 -0.0289978710934201 -0.064354079775495 -0.106821725144925 -0.166168952360715 -0.2355518694967 -0.30167393200096 -0.35579840652642 -0.41090405918657 -0.485218307003345 -0.556804308667755 -0.622739596292357 0.6 0.6 0.6 0.6 0.6
0.6 0.6 0.6 0.6 0.6 0.6 0.6 0.6 0.6 0.6 -0.588567040860635 -0.555535387247775 -0.505463323555855 -0.438040376640845 -0.38150698225945 -0.343555248342425 -0.29907650407399 -0.261975939385579 -0.212656557559985 -0.16175408661364 -0.11293152673165 -0.0548988655209251 -0.018155792728055 -0.01650633476668 -0.0374599648639401 -0.0818570964038201 -0.12194274179638 -0.170186029747085 -0.233660472556945 -0.287294370122275 -0.33634345233438 -0.39644093252715 -0.46855714358388 -0.53609136305747 -0.591930620372275 0.6 0.6 0.6 0.6 0.6
0.6 0.6 0.6 0.6 0.6 0.6 0.6 0.6 0.6 0.6 -0.583866840228418 -0.554543239995815 -0.51255512237548 -0.449399499222615 -0.39961134083565 -0.356569432653463 -0.314103547483633 -0.272645234130337 -0.224930599331825 -0.180793127045045 -0.133357681334025 -0.0776196508668051 -0.04811974614857 -0.0427231350913451 -0.0597117440774551 -0.09453705511984 -0.12619272619486 -0.175424966029785 -0.232753374613785 -0.276740889996275 -0.3288732180372 -0.38577613234517 -0.451706474646885 -0.514750750735375 -0.56230532377956 0.6 0.6 0.6 0.6 0.6
0.6 0.6 0.6 0.6 0.6 0.6 0.6 0.6 0.6 0.6 -0.586822191253283 -0.557698631659126 -0.512800114229285 -0.457897805608793 -0.418381417170135 -0.37426151521501 -0.331509910523867 -0.289591559208893 -0.24553844984621 -0.205076046287985 -0.16187452338633 -0.107140094041805 -0.07777383737261 -0.073635694570805 -0.08656829595565 -0.111845566891105 -0.135951414704325 -0.17775541730225 -0.227237155660945 -0.272344840690435 -0.326330880634465 -0.37465961091217 -0.433494793251115 -0.493511810898765 -0.54151021130381 0.6 0.6 0.6 0.6 0.6
0.6 0.6 0.6 0.6 0.6 0.6 0.6 0.6 0.6 0.6 -0.595464627258458 -0.56211568228898 -0.521767561323915 -0.473862851038565 -0.4351236503571 -0.404014545492809 -0.358895032666591 -0.316477844491557 -0.272927514277384 -0.224359104409799 -0.1844183281064 -0.14272126834838 -0.11675484105938 -0.114937421865705 -0.12408881168809 -0.14157543517649 -0.167114784941025 -0.19656629674134 -0.23991290479897 -0.28175030928104 -0.32481543160972 -0.37202472425993 -0.424263169989015 -0.47680350579323 -0.527813659980885 0.6 0.6 0.6 0.6 0.6
0.6 0.6 0.6 0.6 0.6 0.6 0.6 0.6 0.6 0.6 0.6 -0.578487272374309 -0.541296925395705 -0.494352289475455 -0.458823706954667 -0.429641733877357 -0.396584367379525 -0.35364910308267 -0.307772940956032 -0.258571811951677 -0.22256804537023 -0.192799619864635 -0.17014763038602 -0.16834040451792 -0.173872161656575 -0.18761656712734 -0.21078228764232 -0.232802566140885 -0.26973408553751 -0.30482639279216 -0.346721362322525 -0.39162793941791 -0.437128476798535 -0.478226279839855 0.6 0.6 0.6 0.6 0.6 0.6
0.6 0.6 0.6 0.6 0.6 0.6 0.6 0.6 0.6 0.6 0.6 0.6 -0.565479187294818 -0.525984246283749 -0.488959453068643 -0.460133358836154 -0.433834394440015 -0.399655912071435 -0.361238714307525 -0.32129098661242 -0.28699239064005 -0.258960189297795 -0.240320371463885 -0.240790002979325 -0.24137992970645 -0.24410374183208 -0.255439802072895 -0.27648220770058 -0.305107108317305 -0.343310072086705 -0.38331800512965 -0.42230166867377 -0.46429963409897 0.6 0.6 0.6 0.6 0.6 0.6 0.6
0.6 0.6 0.6 0.6 0.6 0.6 0.6 0.6 0.6 0.6 0.6 0.6 -0.591892971657197 -0.560031577013409 -0.531467575579861 -0.501764561980957 -0.48160452395672 -0.456041627563505 -0.422955703921625 -0.39170599589124 -0.36390237929298 -0.33462564507499 -0.32011370174584 -0.322577139362675 -0.320711405947805 -0.31629047077146 -0.324482175521535 -0.339218080975105 -0.36122085340319 -0.401808941736785 -0.435788817703715 -0.46959417313334 -0.50630901940162 0.6 0.6 0.6 0.6 0.6 0.6 0.6
0.6 0.6 0.6 0.6 0.6 0.6 0.6 0.6 0.6 0.6 0.6 0.6 0.6 -0.595938756130612 -0.574797434732296 -0.552495687268653 -0.52963907085357 -0.504589037038375 -0.474923951551295 -0.44420674908905 -0.42463207431135 -0.40454022772609 -0.393908121157415 -0.39604269247503 -0.39672617334868 -0.400041521526865 -0.41028601583093 -0.428757270798055 -0.449494087137255 -0.480381806381025 -0.51356166414914 -0.544784879311895 0.6 0.6 0.6 0.6 0.6 0.6 0.6 0.6
0.6 0.6 0.6 0.6 0.6 0.6 0.6 0.6 0.6 0.6 0.6 0.6 0.6 0.6 -0.612263184972087 -0.592406784184254 -0.570120753720383 -0.544497678056336 -0.515838052146112 -0.488793596625303 -0.47710778750474 -0.470747639890725 -0.4633080428466 -0.46217669080945 -0.46717353165146 -0.482772018760415 -0.498907761648275 -0.520011568441965 -0.544558890163875 -0.573223264887905 -0.610315283760404 0.6 0.6 0.6 0.6 0.6 0.6 0.6 0.6 0.6
0.6 0.6 0.6 0.6 0.6 0.6 0.6 0.6 0.6 0.6 0.6 0.6 0.6 0.6 0.6 0.6 -0.608710166066863 -0.584935437887888 -0.561687682755269 -0.546987417153992 -0.54455490969119 -0.544504479039435 -0.545807013288115 -0.546129783615445 -0.551812957040945 -0.575584928505105 -0.606784200295783 -0.63584416359661 -0.66598262824116 0.6 0.6 0.6 0.6 0.6 0.6 0.6 0.6 0.6 0.6 0.6
0.6 0.6 0.6 0.6 0.6 0.6 0.6 0.6 0.6 0.6 0.6 0.6 0.6 0.6 0.6 0.6 0.6 -0.633081792853749 -0.611372410319724 -0.602822588756659 -0.613053550012388 -0.627162389922865 -0.63442715629933 -0.638329746201615 -0.657918252050855 -0.694957776926435 -0.73871451057491 -0.776176206767535 0.6 0.6 0.6 0.6 0.6 0.6 0.6 0.6 0.6 0.6 0.6 0.6
0.6 0.6 0.6 0.6 0.6 0.6 0.6 0.6 0.6 0.6 0.6 0.6 0.6 0.6 0.6 0.6 0.6 0.6 0.6 0.6 0.6 0.6 NaN 0.6 0.6 0.6 0.6 0.6 0.6 0.6 0.6 0.6 0.6 0.6 0.6 0.6 0.6 0.6 0.6 0.6
