Var1 Var2 Var3 Var4 Var5 Var6 Var7 Var8 Var9 Var10 Var11 Var12 Var13 Var14 Var15 Var16 Var17 Var18 Var19 Var20 Var21 Var22 Var23 Var24 Var25 Var26 Var27 Var28 Var29 Var30 Var31 Var32 Var33 Var34 Var35 Var36 Var37 Var38 Var39 Var40
0 0 0 0 0 0 0 0 0 0 0 0 0 0 0 0 0 0 0 0 0 0 0 0 0 0 0 0 0 0 0 0 0 0 0 0 0 0 0 0
0 0 0 0 0 0 0 0 0 0 2789 2789 3585 4777 6934 7498 8006 8211 8999 10846 10846 11481 10667 10789 10408 10356 7797 7423 6944 5795 4609 3779 3779 0 0 0 0 0 0 0
0 0 0 0 0 0 0 0 0 3060 3060 4665 6458 8892 11615 13729 14861 16746 17124 17124 18232 19110 19110 17934 15572 15209 12821 10975 8400 7880 6129 5070 4251 4181 0 0 0 0 0 0
0 0 0 0 0 0 0 0 3954 3954 4923 8493 13414 18144 19782 22059 24888 25015 26558 26629 26611 26767 26681 25276 23723 22076 18586 17710 16323 10862 8409 6579 5088 4309 4309 0 0 0 0 0
0 0 0 0 0 0 0 4016 4741 6873 11835 17380 21228 23732 29319 32490 34020 34778 39827 39851 39588 39111 39111 38542 35836 33185 29708 25113 23191 20824 13686 11083 9701 7676 5244 4271 2139 0 0 0
0 0 0 0 0 0 3917 4016 7411 10886 16254 20061 26533 31238 33729 37219 38481 38648 41111 42334 43417 43507 44258 44258 40835 36030 32937 32662 27860 23194 20825 12807 10329 9101 8071 4893 3744 3682 0 0
0 0 0 0 0 2831 4407 6199 11006 15019 20492 27462 31328 37454 41105 44421 46342 47377 49839 52197 54150 55408 55408 53620 50849 46349 46090 39446 37830 36761 31897 25353 19324 11548 8422 8071 5573 3687 1698 0
0 0 0 0 0 2831 5237 9112 13794 18799 22334 27658 36180 42050 45352 50423 51790 52443 53187 56817 56286 57097 58217 58217 53468 52520 48956 44981 42853 38391 32528 25353 19324 18381 11594 9783 8254 4935 3396 0
0 0 0 0 2528 3379 7593 11431 16365 19978 24296 32047 40461 44112 45871 50955 53827 55706 56722 56915 58182 59888 60249 59888 58258 53760 51077 49015 46397 39517 32528 24424 23318 18547 15205 11142 9092 7255 3956 2720
0 0 0 0 2528 4552 8527 12098 16365 20288 24564 38447 42114 45815 51002 57121 58670 59180 59479 60193 61930 62430 62567 62532 60375 59867 57318 56306 51236 45070 36829 24424 20955 24441 24441 14253 10780 8222 5842 2720
0 0 0 2054 2796 5544 8977 12650 16411 22099 31057 38535 42475 47320 52107 58181 62875 63064 65836 67981 67981 67981 69172 69172 63971 62784 59050 58258 55596 49143 41581 31869 22562 22562 22562 17461 11596 10780 6668 3396
0 0 0 2048 3194 6587 9146 12650 19821 26098 36964 43223 48829 51393 55178 65613 65905 65989 67134 69418 69967 70761 71216 71216 68805 67114 64263 61484 57369 56081 50344 40071 32985 22562 21542 21507 12429 11596 6855 5094
0 0 1983 2150 3736 7290 9146 14823 23074 32566 39237 48775 53213 57771 60158 66323 67683 67683 67702 69846 72430 72430 78387 76650 76534 70698 70698 68438 61661 58797 56609 49690 43254 28233 22485 20933 17540 10549 8935 5094
0 0 1983 2144 4208 7444 9400 17082 25393 37634 42920 51730 54661 60158 65067 65918 65918 67174 68675 68779 69179 77673 77673 77673 76534 75148 73872 73872 63409 61661 59179 51412 44593 36033 27162 22485 18585 10549 9238 5094
0 0 2038 2126 4286 8864 11263 20020 28870 41411 48708 54905 61759 64793 70822 75164 75421 77371 83524 83524 82904 86589 95110 94710 93844 80931 80548 78441 73426 63721 60385 57473 50043 39997 32205 25488 19725 12002 9386 5296
0 0 2038 2141 4565 9188 12287 21258 30831 41917 50663 57255 61759 64793 71308 75421 77307 77740 83524 85883 82904 86589 92340 93844 92340 80586 78441 78441 73426 63476 60385 57473 50569 42922 34225 28901 19896 13900 10051 5417
0 0 2081 2461 5073 9332 14997 22255 31778 42146 52643 57255 60611 64033 71308 77307 77307 77740 78549 81015 81752 83296 86803 87560 83797 76657 74257 73696 70934 64424 60385 59278 52618 45585 36247 29102 20567 14681 10661 6200
0 0 2081 2539 5089 9332 17951 23600 31869 44126 52643 57255 60611 64033 68944 71173 72179 74413 75138 75138 77045 83296 87044 86803 83797 78742 77858 74257 70934 66854 60771 57000 53639 46866 36941 28903 22569 16887 11312 6757
0 0 2255 2901 5242 9137 17951 23763 31778 44267 52756 59230 64979 70421 72647 74748 78207 80822 80822 80802 77444 85047 87044 90459 84676 79557 79367 79395 72659 67170 60771 57300 53639 46848 37570 28796 22569 16887 13070 7958
0 0 0 2950 5243 7774 16944 24220 31098 44267 52756 59571 66175 70421 73623 79084 81696 82625 88033 86921 80802 85047 87290 91481 86308 79529 79395 78828 72659 67146 60771 56686 52497 46848 37505 28186 22542 17113 13183 8212
0 0 0 2969 5243 7172 15193 23763 29071 42987 52756 60025 66175 70075 73278 78149 79084 81603 86057 85999 82647 84918 87000 86308 86308 77064 76071 74123 65851 64411 61685 56905 51512 44786 37337 28186 22459 16299 13160 8449
0 0 0 2908 4697 7010 14950 21411 27597 41268 52022 59505 64500 67176 69455 72490 72490 77691 84458 84458 82647 84743 84907 83108 80334 74279 73639 72966 65642 63096 61685 56380 48670 43878 36397 28086 22538 16213 12843 8449
0 0 0 1939 4378 6578 13288 20806 27484 38569 51298 57925 61869 66018 69455 72383 72455 75668 75668 81213 80841 83879 83879 83108 78112 72484 72890 68796 64042 61318 59617 53761 47521 43878 35582 27129 22266 15415 12034 6780
0 0 0 1939 3896 5396 11882 18470 23095 34966 47259 57572 61869 66018 69285 73279 73362 73802 77483 80841 81283 81283 84485 83108 76657 72968 72993 68796 62458 59094 57025 52721 47425 41479 31752 22041 19165 14383 10723 5487
0 0 0 0 3538 5170 10875 16003 22180 32921 45673 53016 61529 66018 68190 73362 72556 73817 74808 77483 78764 80210 81194 81194 74399 72968 69457 68182 61220 58711 55559 52687 47414 40660 30695 21667 17462 11496 8188 4988
0 0 0 0 3385 5147 9109 14597 19591 29431 40893 49522 55885 60703 65549 68542 69523 70798 72469 72469 72469 74988 74988 73657 68002 66026 64298 61280 57315 55665 54649 49132 44500 38122 28688 19643 15489 11224 7714 3674
0 0 0 0 3339 4666 7824 11985 19466 26889 35047 45136 50204 54253 61213 65732 65732 65380 65380 65928 66426 68091 68091 66729 64140 63378 63219 58955 53879 52221 52041 48914 40419 30443 20578 16430 11275 8759 5793 3497
0 0 0 0 3117 4298 7032 10298 14877 21537 32606 40188 42504 48858 53938 56726 57786 58052 59770 60757 61124 60505 60653 60473 59600 58913 58713 55505 52139 51931 48968 46986 34120 26780 18345 13005 9891 6115 4231 2925
0 0 0 0 2374 4204 5609 9341 13928 20077 24378 32452 35929 44813 49702 54531 54668 54967 57180 60757 60198 61076 60473 59925 59380 56808 56563 54761 48920 47412 46741 41527 28116 18969 13427 11212 8706 5818 4175 2925
0 0 0 0 2374 2880 4203 7165 10866 14655 19094 29057 34009 38308 45278 48831 51018 51591 53158 55862 57178 59149 59149 56649 52812 51827 50780 47957 43408 42517 39539 30797 24126 16386 12517 10735 7175 4499 4229 0
0 0 0 0 0 2880 3376 5420 8202 12943 17352 23141 29713 34162 38794 44867 45051 50031 50856 51023 52992 52507 52516 52307 48915 48129 44014 42032 38525 37671 31956 22861 16315 12980 10638 8309 5163 4499 0 0
0 0 0 0 0 0 0 0 0 0 0 0 0 0 0 0 0 0 0 0 0 0 0 0 0 0 0 0 0 0 0 0 0 0 0 0 0 0 0 0
