intens1 intens2 intens3 intens4 intens5 intens6 intens7 intens8 intens9 intens10 intens11 intens12 intens13 intens14 intens15 intens16 intens17 intens18 intens19 intens20 intens21 intens22 intens23 intens24 intens25 intens26 intens27 intens28 intens29 intens30 intens31 intens32 intens33 intens34 intens35 intens36 intens37 intens38 intens39 intens40
2064 2072 2350 3458 4416 6151 7890 9943 10740 12293 15527 18760 20299 21123 22839 23584 25217 25217 25313 26524 27278 27485 27278 27485 27019 26744 24048 22625 22493 20655 16667 15661 12999 8943 7152 5421 3978 2271 1655 1216
1921 2267 3076 3958 5122 7145 9579 12546 13599 16034 17628 22195 22755 23520 24956 26547 27244 27244 27244 28208 29175 30174 30174 30057 29953 28221 26842 25286 23531 22543 19245 17895 14812 11419 7869 5897 4901 3374 1712 1171
1921 2673 3089 4802 6698 8924 11560 13582 14903 17527 20696 22195 22755 23520 25208 27233 28155 29879 29879 29909 30688 30689 32669 32153 29953 28823 27846 25856 24233 23634 20446 19617 15768 12218 8876 6225 5065 3485 2311 1207
1921 3102 3915 6467 8876 9585 11881 13627 15124 20223 21265 22315 22975 24965 25493 27233 29096 29096 29879 29909 30422 30675 30740 30740 30740 29110 28328 27348 25335 24223 20988 19794 17677 12662 11237 6930 5318 3485 2311 1207
2448 3711 6093 8234 9012 9930 11881 16329 18283 21552 22259 24802 25795 26833 29464 32229 32476 32743 33877 33877 35278 36351 35932 35932 34456 32645 30043 29181 28429 25475 22741 20935 18899 16054 11391 8005 5359 4202 2371 1468
2965 4422 6590 8234 9373 10658 12508 17439 18785 21552 22259 24919 25786 26272 29464 32229 32368 32743 33233 33233 34636 34795 35000 35106 35106 32645 31542 29805 28429 26435 22852 22634 19750 16756 11948 8567 6012 4761 2601 1768
4184 5473 6590 8234 10327 13075 15086 17467 18989 22633 24611 25741 26272 26272 29464 29720 32034 33485 33485 34267 34276 34636 34795 35959 35308 32645 31117 30473 28429 27657 24498 23375 21615 18722 13988 10062 7526 5336 3913 2290
4396 5473 7052 8891 11475 13075 15856 18307 20619 23260 25374 27079 28313 28666 29558 29720 32034 33905 34454 34710 38583 38583 37599 37360 36023 34079 31542 30582 29313 28151 26346 23821 22959 21989 17626 11924 8064 5778 5073 2759
4415 5521 7412 9297 11475 13075 16045 19547 21617 23923 25413 27211 28666 30157 30879 31961 34297 34315 35116 37204 39202 38921 39202 38780 38712 34206 32594 31946 31316 29890 29303 27697 26154 23872 20317 13992 10063 7318 5997 3273
4905 6648 7974 9370 11246 14396 17230 19886 21837 24393 25413 27794 29350 30879 31961 32539 35265 35691 36023 37727 40555 40555 40003 39689 38780 38044 33943 33208 32374 30596 29922 28380 26774 24481 22211 15930 12422 8319 6576 3801
5199 7090 8169 9370 11246 15049 17893 19886 21990 24980 25426 28778 30545 30904 32539 35377 36596 36866 39093 39867 42014 42014 41165 41165 40654 40108 36137 35764 34296 32039 30752 30642 30642 27602 24605 17946 12489 9057 6674 4770
5890 7792 7974 10063 12250 16056 18317 20197 21990 24980 27031 29025 30613 31298 33131 36162 36596 39067 39284 39867 42033 42014 41026 41026 41026 40654 37434 35764 35150 32361 30904 30904 30642 27602 24793 19943 14459 9320 6674 4924
6077 7737 8384 10653 14177 16543 18843 20272 22540 24980 27031 29582 30588 32094 32270 35377 37445 38257 40426 40426 42602 43984 43984 47058 47058 41081 40263 39181 36065 33180 31666 30904 29497 27782 24996 20428 14459 9330 6311 4924
6077 7338 8384 12922 14479 16685 18917 21576 22951 25014 27031 30432 31445 32270 33131 35826 37334 37334 37334 42245 42245 42245 43715 43715 43715 41687 40398 40263 36870 33180 31875 31042 29497 26482 24793 20428 14080 9330 6207 4876
5650 6864 8465 13291 15167 17383 19206 22001 24511 27272 29674 30592 32476 34325 34810 40166 41445 43938 44210 45214 48724 51450 51450 52071 52071 49055 41907 41003 38816 33167 31875 31042 29497 26482 24686 18643 11858 8907 6059 4327
5614 6701 8831 13291 15404 17957 20524 22803 24511 27272 29674 30592 32970 34810 36046 40637 41554 44210 45303 45214 52562 52562 52562 52817 52071 49055 41907 41907 38816 32949 31544 30561 29401 26312 23732 16578 11469 8494 6059 4327
5368 6618 8831 12495 15632 17957 20524 22803 24481 26432 27497 29571 31933 34281 35629 40637 41554 45303 44274 45439 51784 49512 50324 50324 47085 45375 40547 37290 37290 29833 29447 28939 26863 23834 21036 15206 11289 8446 6055 4327
4658 6618 8344 12276 15404 17140 19003 21548 24256 26432 27307 29571 31636 33220 36046 40405 41554 43965 46455 46455 49227 49512 48788 50324 45822 45143 36374 36191 34110 29805 28813 27200 24363 21739 19376 15006 10933 7956 6474 3627
4505 5474 8190 12089 15267 17042 18740 21042 24002 26432 27599 29571 31558 32390 34943 39103 41042 41223 41998 43507 45229 47324 44580 44954 41860 41860 36191 35713 31449 29805 27967 26859 23878 21392 18261 14180 10547 7937 6038 3504
4282 5410 7830 10235 13529 16053 18669 20860 22915 26297 27607 29050 31636 32390 34934 39056 41042 41998 42463 42463 44410 44385 44385 41367 40267 39348 33202 32522 31281 28842 27119 25486 22974 21088 17770 13972 10414 7611 5758 3269
3549 4507 6453 9487 12818 16044 18024 20247 22903 25296 27607 29050 31558 32390 33995 39056 40639 43428 41998 42463 40982 41124 40742 40742 37829 35980 32681 30541 29617 28154 27119 25483 22963 20688 17065 13527 8983 6436 5310 2884
3091 4139 6160 8732 11671 15427 17846 20247 22903 24041 27458 29050 31552 31908 31928 34221 35084 36630 39036 39036 38190 35935 35935 36115 35053 32096 30041 29743 29228 28166 26621 25483 22796 19562 15816 11504 8120 6424 4203 2884
2598 3092 5121 8290 10552 14553 17510 20247 21606 23927 26866 28077 29835 30626 31250 33304 34035 34850 36638 36758 36758 33816 33816 34432 34432 30372 29791 28936 28936 27844 26507 24355 22388 17601 14088 10941 7739 4789 3684 2919
1974 2688 4309 7046 10078 13771 16571 19342 21319 23651 24182 26564 29132 29201 29502 31078 31078 30750 30750 30521 30521 30521 31100 31100 30444 28374 28122 28122 28080 27844 24353 22436 20114 15748 12192 9446 6628 4757 3646 2919
1974 2677 3518 5830 8846 12383 14602 17732 19890 21671 21850 24877 26162 26516 27028 27217 28473 28473 27828 27828 27828 28436 28817 29060 29163 27863 26958 26708 26090 25864 22944 20708 18023 13524 11572 8548 6628 4637 3646 2728
2120 2521 3424 4915 7904 11596 14560 16815 18282 20891 20948 24112 24263 24539 25253 25943 26429 26429 26429 26250 26785 27323 28817 28817 29060 27230 26882 25986 24844 23151 19772 17789 15140 12742 10429 7654 6183 4529 3191 2391
2120 2386 2960 3737 5637 9018 11553 12963 15256 17307 17863 19605 20287 20696 21139 21814 21865 21865 21865 23588 24671 24883 25197 25498 25498 25175 24618 22592 21580 19329 17056 14228 12613 12140 9656 6991 5665 3929 2650 2190
1861 2067 2478 3181 4308 6518 8532 10104 12263 13411 14496 16444 16780 17754 17754 17754 18895 19165 20246 21157 21392 22778 22795 23487 22795 21361 21138 18573 18392 14850 14119 13822 11685 9656 9451 6369 4842 3469 2586 2190
1844 1861 2321 2482 3302 5171 6948 8867 9249 11921 12404 13322 13405 14379 15780 17185 18895 19146 20083 20305 20305 22278 22897 22795 21132 19920 19867 18392 17182 14546 13987 13239 10090 8606 7792 4885 4428 2866 2474 2190
1243 1564 2171 2329 2484 3394 4254 5730 7361 8793 9572 11401 11401 11563 11563 15637 15941 17014 17365 18614 18788 20104 20104 19861 18161 17446 15545 14772 13521 12204 12018 12012 9534 8489 5589 4323 3379 2548 2383 1729
1055 1055 1479 2136 2360 2694 2776 3428 4076 6038 6426 8496 9986 10248 10964 12979 15637 16420 16474 17545 17545 17261 17066 17066 16935 15545 15289 12752 12318 12034 10524 9052 7861 6049 4770 3235 2920 2388 1626 1626
0 831 831 1250 1956 2147 2252 2680 2854 4205 4260 5794 5836 7006 8455 10877 11846 12979 13480 14107 14633 14633 14473 13999 13075 12259 10868 10045 10045 10045 7893 7282 6666 4148 3306 2817 2299 1388 1388 0
