intens1 intens2 intens3 intens4 intens5 intens6 intens7 intens8 intens9 intens10 intens11 intens12 intens13 intens14 intens15 intens16 intens17 intens18 intens19 intens20 intens21 intens22 intens23 intens24 intens25 intens26 intens27 intens28 intens29 intens30 intens31 intens32 intens33 intens34 intens35 intens36 intens37 intens38 intens39 intens40
1631 1631 1886 2148 2680 4032 5799 7714 8963 9827 10384 12036 15168 18069 19171 19851 22424 22424 22849 23467 24071 24638 24638 24177 24048 22691 21375 19794 19283 15667 12948 9993 8174 6188 5115 3384 2101 1652 1352 0
1718 1858 2047 2483 3548 4947 6227 8765 9568 11393 11449 14775 18319 18386 20347 23080 23831 23938 24242 25325 25896 26322 26625 26989 26989 24530 23166 22757 20336 18981 14808 13212 10373 7458 6079 4409 2741 1671 1352 1000
1718 1858 2193 3054 3816 5104 6880 9658 12204 12537 16403 18387 19754 21207 22886 24577 26463 27855 27855 27855 29166 30638 30946 30007 28434 26779 25107 24364 21978 20809 16652 15181 11873 7940 6515 4481 3917 1733 1381 1000
1653 1994 2716 3304 4560 6155 8431 11785 12537 14833 17077 19679 20558 21752 24111 25418 28115 28352 28352 28381 29166 30946 30946 30007 30007 27650 26687 24744 22657 22110 18287 16204 12463 9132 6617 5063 3917 2375 1408 0
1653 2138 3464 3905 6419 8788 9184 11986 12810 17009 19003 20900 23304 25750 27424 29834 31509 32956 33580 34444 36408 36408 36257 35898 35076 30592 29086 27654 25574 22421 20131 17471 13043 11101 7086 5497 4228 2375 1447 0
1765 2232 3546 5561 8316 8788 9915 12810 13754 19216 19532 22273 24558 25777 27725 30024 31509 32988 33580 34444 36788 36408 35808 35076 34041 30867 29458 27687 25574 23644 20216 18828 14164 11450 8501 6057 4373 2661 1854 1526
2073 3158 5195 7193 8316 8788 9915 14451 17697 20095 22316 23952 24780 26212 27725 30735 31509 32956 33520 34444 35316 35808 35808 35808 35076 31068 29458 28508 25574 23644 20975 19380 17002 11450 9693 6919 5826 2661 2190 1526
2714 4379 5195 7193 8318 8845 12437 14497 17773 20925 22859 24225 27085 27218 29248 30735 34481 34552 36386 37656 39057 38697 38697 38351 35463 32602 29908 28713 26895 24565 21000 20154 18794 14217 10816 6949 6176 4002 2904 1648
3027 4427 5212 7007 8318 10642 12488 14579 17900 20925 23286 25898 27218 28198 30332 33389 34552 36768 36386 37809 40878 39057 38601 38357 35754 33561 31533 29660 28284 27647 24303 23658 22291 17323 11672 8704 6513 4867 3395 2244
3453 4844 5243 7007 8807 10642 12743 15814 18066 22445 23286 26241 27747 30182 30827 34800 36869 37229 39295 40615 47613 44777 42572 42285 37753 34476 32306 31007 28931 27685 25463 24128 22860 17389 15379 9223 7643 6253 3834 2728
3705 4852 5963 7715 8902 10436 12743 16914 19833 22445 23286 26777 28350 31430 32293 34814 36869 39295 40615 45067 48454 47613 44294 42572 39559 37570 34061 33422 31846 29866 26799 26753 26519 21228 16331 10270 8694 6879 4471 2870
3705 4983 7118 8238 8930 10436 12887 17400 19833 21949 23246 26964 28495 31430 32293 35550 38570 43100 50101 55614 55614 54155 49683 48078 41778 39559 35236 35017 32841 30474 29226 27366 26519 22065 16713 12468 8694 6879 5043 3246
3781 4993 7465 8583 8978 12560 14659 17829 20066 21634 24005 27519 28585 31430 33197 35550 41319 49037 50101 62511 62511 61743 59672 55937 46094 42451 37460 35017 34483 30603 29603 27366 26388 22884 18034 12575 8843 6332 5181 3246
3543 5120 7465 8260 10265 13576 15391 18229 20354 21634 24005 27659 29588 31430 34364 37372 44090 49479 51944 65266 69918 66612 60201 59263 47678 44103 39277 36828 34511 32233 29464 28710 26388 22104 18034 12575 8682 6240 5043 3113
3559 5126 6850 8260 10434 13826 15730 18310 20433 23955 27137 29998 30928 33900 37161 44044 50438 63913 71007 79680 83700 83700 76790 69165 55582 48314 41358 40108 36828 32233 29464 28710 26388 22104 16871 11408 8483 5521 4759 2470
3528 5126 6365 8069 10434 15007 17373 18805 21920 24502 27137 29998 30928 33900 38750 44044 50489 65544 74187 82499 88191 88191 77589 69165 55582 48314 41219 41219 36595 32086 29139 27744 25381 21418 15044 10892 7886 5428 4744 2208
3434 5126 6035 8066 9984 15007 17373 18805 21920 24502 26269 28653 30183 33280 40196 44044 51539 69441 77661 85289 88730 88730 77589 65558 50708 45249 38326 37012 33164 29046 26930 26147 22292 18387 12953 10093 7886 5521 4553 2070
3143 4625 6010 7703 9872 14912 16540 17615 21612 24616 26269 28653 30183 32971 38826 44849 52593 71162 77661 85289 85289 81323 69888 60581 50422 45093 37012 34793 31585 28744 25648 23945 19824 16866 12712 10024 8002 5538 3751 1699
3120 4529 5655 7593 9852 14618 16249 17330 20717 24023 26211 28636 30428 32624 38826 44849 53036 71162 74782 84486 84486 73672 58212 54776 46628 41752 35495 34793 31129 28387 25616 22481 19760 16637 12712 8586 8002 5538 3330 1686
2923 4080 5081 6879 8698 12824 14702 16894 20882 24023 26113 28636 30428 32624 36622 41630 52593 66170 67063 70772 70772 59639 50122 46359 40169 38417 33587 33169 30218 27051 24414 21420 19490 15626 12415 8308 7538 4643 3007 1686
2506 3909 4055 5768 8642 11531 14235 16894 20322 22727 24557 28051 30295 32097 35827 41619 48500 62714 62714 61131 60648 52662 45677 42886 37612 36236 31748 30575 29336 26991 24414 21420 18892 15149 11714 7662 6403 3889 3007 1744
2266 3256 3900 5264 7347 10495 13859 16576 20322 22170 24526 27528 30017 30310 35553 37528 41580 41886 45925 46479 46479 43286 39823 38624 34844 32131 30595 29989 28757 26991 24414 21420 18425 13363 10360 6915 5762 3440 3020 1922
2168 2473 2842 4654 6751 9544 13297 16211 19801 22170 23972 26313 28369 29976 31763 34897 37661 39233 39271 39797 39797 36208 36208 34785 34785 31665 30017 29576 27867 26349 22255 20470 16787 11691 8834 6760 4493 3349 3222 1845
2151 2280 2280 3770 5804 8855 11907 15972 17986 21628 22568 24897 27137 28525 28683 31829 34192 34192 32968 32968 32991 33314 32991 33282 32688 30598 29363 28161 27672 25303 21519 18590 13618 11062 8551 5846 4348 3317 3020 1878
2011 2152 2317 3627 4654 7500 10739 14674 16291 19562 19727 23189 24351 24400 25614 26317 27213 28049 28049 27996 27996 29815 29815 29885 29270 27823 25942 25031 24583 22675 17364 14550 13409 9874 7672 5707 4493 3317 2479 1878
2011 2321 2321 3598 4417 6588 9837 13266 14910 17658 18209 20462 21727 22233 22832 23398 23248 23679 23679 25675 25742 27244 27626 27734 27734 25366 24253 22964 20275 17854 14952 13699 12601 9730 6727 5707 4348 3317 2081 2004
2011 2277 2395 3042 3741 4771 7072 9539 11776 13605 15580 16375 17019 18084 18853 19111 19176 20679 21113 22524 22809 24052 24388 24388 24321 22018 21254 18962 16095 15038 13775 12506 10018 9485 6161 5350 3535 2499 2081 1940
1725 2045 2137 2451 3108 3770 5048 7051 8964 10435 11686 13371 13372 14421 15143 15860 16716 17113 19010 19726 20397 21817 21817 21040 19839 17835 17559 15646 15240 12722 12649 11325 8788 8343 6031 4250 3125 2499 2304 1680
1725 1746 2045 2345 2850 3042 3919 5447 6513 8893 10035 10869 11797 11848 12831 14880 16716 16716 18395 19023 19398 20368 20368 18970 16662 16662 16662 15501 14137 12206 12036 10082 7575 6227 4522 3125 3055 2304 2291 1441
0 1044 1514 1872 2591 2611 2611 3238 3717 5032 6550 7629 8085 8619 8647 12347 13251 15125 16042 17530 17536 17530 15747 15747 15747 13824 13421 10999 10860 10470 9095 9068 7214 4703 4042 3055 2640 1947 1629 1441
0 1002 1002 1141 1953 2462 2520 2551 2775 3396 3709 5787 6136 6602 6791 8637 11445 11525 11836 13078 13078 13172 12680 13408 12289 11929 10453 10453 9810 8909 7062 6061 4655 4464 3062 2334 2102 1347 1347 0
0 0 1002 986 1013 1678 1978 2257 2389 2756 3066 4216 4362 4736 5780 7494 7595 8519 9247 9714 9987 11276 11276 9542 8783 8588 8588 7376 7236 7126 5630 5056 3922 3063 2226 1850 1224 1224 0 0
