intens1 intens2 intens3 intens4 intens5 intens6 intens7 intens8 intens9 intens10 intens11 intens12 intens13 intens14 intens15 intens16 intens17 intens18 intens19 intens20 intens21 intens22 intens23 intens24 intens25 intens26 intens27 intens28 intens29 intens30 intens31 intens32 intens33 intens34 intens35 intens36 intens37 intens38 intens39 intens40
1812 1812 2085 2366 3116 4616 6270 8365 9666 10331 11039 12901 16574 18750 19707 20630 22826 22826 23169 24051 24313 24919 24919 24464 24192 22783 21217 19644 19244 15634 12495 9614 8090 5992 4743 3137 1953 1530 1335 0
1839 2051 2369 2827 4068 5482 6946 9664 10161 12129 12299 16302 19218 19257 21027 23670 24363 24392 24588 25796 26410 26410 26908 27111 27111 24503 23173 22016 20171 18895 14459 12869 10053 7114 5676 4079 2555 1530 1216 839
1839 2078 2438 3392 4211 5716 7793 10560 12429 13369 17501 18985 20225 21674 23621 24866 27091 28314 28143 29401 29496 30390 30873 30338 28169 26522 25107 24155 21579 20563 16399 14825 11372 7600 6136 4232 3505 1667 1253 0
1836 2123 3072 3619 5134 6895 9261 12429 13165 15775 17755 20187 20967 22237 24493 25614 28314 28143 28396 29401 30064 30873 30873 30482 29778 27296 26448 24283 22346 21625 17842 15781 12067 9167 6256 4712 3505 2143 1253 0
1805 2483 3753 4549 7178 9308 10032 13025 13502 18242 19462 21679 24005 25585 28215 30122 31559 32685 33156 33961 36397 36029 35512 35512 34581 30742 28627 26711 25252 22092 19749 17097 12700 10720 6742 5245 3832 2143 1366 0
1836 2709 3983 6231 8914 9379 10796 13502 14454 19701 19763 22855 24621 26218 28215 30122 31629 32853 33156 33961 35920 35920 35573 34587 33945 30742 29150 27004 25317 23450 19882 18122 13509 10870 8066 5624 4057 2414 1612 1425
2370 3782 5598 7722 8914 9379 10796 15170 18228 20538 22589 24365 24821 26218 28247 30505 31629 32685 33065 33961 34030 35573 35573 35573 34581 30742 29150 27588 25317 23450 20634 19096 16495 10870 8950 6552 5387 2502 1882 1398
3067 4671 5598 7722 9118 9560 13326 15816 18337 21500 23405 24494 27021 27091 29413 30505 34378 34378 35528 36179 38596 37571 37001 36850 34894 31940 29728 28443 26513 23547 20805 19666 18432 13855 10097 6556 5654 3599 2572 1425
3463 4773 5598 7575 9118 11380 13326 15851 18843 21500 23543 25800 27021 27647 30435 33061 34378 35603 35929 38642 38962 38596 37256 37001 34973 32969 31243 29549 28108 27447 24254 23505 21942 16361 11051 8188 5903 4559 3103 1865
3809 5201 5795 7575 9469 11380 13477 16542 19108 22607 23543 26130 27529 30069 30624 33532 35680 35987 38272 38962 43922 43943 40687 39711 37669 34076 32154 30888 28896 27667 25184 23533 22573 16879 14743 8487 7312 5705 3575 2353
4039 5227 6486 8136 9469 11014 13477 17345 20363 22607 23674 26678 28321 30159 31736 34614 36336 39312 39312 41817 46994 44625 44625 41865 39271 36937 33582 33146 31785 29225 26526 26317 26024 20809 15448 9692 8248 6267 4031 2607
4039 5279 7586 8412 9507 11014 13628 17711 20363 22295 23169 26862 28333 30159 32000 34652 36941 39352 45600 48361 48361 46994 44812 44425 40612 39271 34531 34080 32375 29469 28681 27257 26024 21523 15690 11733 8248 6267 4591 2887
4016 5568 7854 8761 9728 13073 15406 18650 20262 21759 23870 27528 28402 30918 32798 34840 38483 43548 45600 50424 54039 52701 52701 49487 44671 40971 37924 35144 33358 29873 29183 27257 25965 22531 17359 11738 8244 5946 4707 2889
3815 5571 7854 8590 11125 13834 15849 18655 20262 21759 23870 27697 29083 31242 33347 36904 42081 43548 46326 54039 59502 52733 52069 49918 45146 41449 38700 35659 35578 31278 29393 27783 25965 21523 17359 11738 8095 5786 4591 2889
3815 5571 7166 8590 11278 14361 16099 18752 20440 24573 26580 29512 30572 33091 35271 41454 45086 56381 56381 67775 71785 71785 64743 61789 50880 46444 39900 38700 35806 31418 29393 27783 25965 21245 16208 11007 8071 5155 4344 2216
3725 5500 6512 8452 11278 15542 17559 19106 21593 24580 26580 29512 30572 33091 37142 41454 45252 56381 58276 68409 76218 74421 65409 61789 50880 46444 40208 39900 35806 31278 28664 27093 24771 20640 14446 10238 7380 5086 4309 2027
3708 5442 6343 8376 10751 15542 17559 19106 21593 24580 26132 28056 29558 32731 37906 41454 46893 58079 62510 71941 75376 74421 65277 54604 47712 43400 38196 35532 32462 28567 26455 25818 21986 17762 12450 9606 7380 5155 4305 1922
3370 4872 6260 8089 10537 15117 16388 17591 21331 24807 26132 28056 29558 32048 37142 41668 46478 58356 62510 71941 71941 69028 60282 52955 46697 42955 35532 33687 31229 28392 25177 23279 19609 16598 12340 9541 7606 5207 3418 1554
3246 4505 5643 7981 10323 14996 16233 17262 20783 24025 25662 27739 29963 31447 36209 41668 46478 58356 59338 65791 65791 58828 51269 50046 44021 40154 34550 33632 30676 28017 25017 22303 19373 16191 12340 8257 7606 5207 3055 1554
3101 4234 5414 7233 9099 13082 14783 16702 20606 23518 25662 27739 29963 31447 34695 39771 45058 54379 54379 55183 55815 49737 45647 43839 38623 37410 32751 32024 28847 26990 23743 21046 19030 15363 12060 7947 7153 4613 2662 1568
2569 3940 4241 6091 9040 12058 14221 16702 20030 22617 24120 27521 29596 31370 34408 38853 42965 53620 51296 53620 51296 47709 43617 40527 36349 34568 31372 29704 28735 26563 23743 21013 18501 14633 11482 7509 6065 3680 2662 1672
2308 3482 3999 5519 7656 10624 13963 16368 20030 22081 24118 27161 28995 29979 33708 33762 38465 39314 41041 41553 41553 39633 38620 37280 35059 31675 30004 29200 28566 26923 23743 21013 18056 13087 10035 6783 5411 3306 2847 1707
2217 2496 2934 5023 6916 9777 13422 15894 19519 21913 23544 25693 28114 28632 30455 33399 35114 36163 36936 37586 37586 34129 34129 33579 33579 30671 29482 28903 27607 25613 22303 19947 16573 11596 8490 6463 4465 3306 2953 1720
2041 2184 2432 3961 6011 9161 12039 15861 18031 21403 21913 24484 26932 28135 28172 29868 29868 31536 31319 31536 31757 32231 32153 32324 32153 29938 28330 27799 27463 25160 21296 18051 13501 10949 8187 5773 4265 3203 2847 1757
2027 2161 2432 3630 4891 7931 10758 14885 16162 19276 19563 22836 23689 23987 25316 25751 26867 26867 26921 26921 27083 28765 29194 29317 29194 27832 25992 24738 24299 22925 17656 15067 13395 9662 7605 5773 4465 3203 2442 1757
2027 2239 2239 3617 4485 6777 10061 13354 14658 17521 18063 20345 21504 22005 22595 22990 23352 23528 23528 25277 25308 26926 27714 27714 27308 25757 24643 22949 21078 18084 15213 13751 12641 9662 6764 5773 4226 3084 2032 1841
2027 2181 2348 3115 3605 4969 7441 9775 11924 13488 15528 16179 17022 17767 18888 18984 19114 20465 20793 22317 22888 23757 24232 24299 24299 22195 21803 19326 16523 15190 13428 12732 10014 9371 6266 5481 3610 2449 2032 1841
1668 2007 2159 2468 3096 3752 5203 7329 8984 10555 11900 13152 13243 14445 15152 15722 16690 17255 18963 19789 20328 21710 21710 21195 20450 18134 17944 16040 15467 12934 12850 11628 8862 8387 6181 4457 3145 2444 2279 1617
1668 1748 2007 2340 2721 3091 3956 5569 6785 9027 10181 10978 11674 11691 12850 14880 16506 16816 18599 19122 19481 20504 20504 19549 17118 17118 17118 15873 14395 12623 12297 10441 7469 6345 4657 3145 3103 2279 2243 1464
0 1110 1508 1857 2583 2611 2611 3367 3804 5391 6631 7870 8245 8651 8875 12580 13404 15350 15605 17493 17496 17496 16939 16351 16286 14249 14145 11578 11149 10792 9690 9389 7304 5051 4099 3103 2694 1952 1600 1464
0 958 958 1155 1981 2407 2496 2587 2738 3456 3820 5876 6413 6962 6962 8818 11796 12097 12386 13560 13560 13560 13183 14132 12801 12801 11192 10919 10334 9549 7586 6391 4691 4674 3278 2297 2124 1322 1322 0
0 0 926 926 1049 1728 1926 2357 2420 2817 3145 4399 4482 4706 5861 7781 7848 9024 9891 10187 10709 11649 11649 10470 9230 9089 9089 7950 7736 7718 5857 5283 4185 3269 2259 2032 1389 1322 0 0
